0.001
0.013
0.01
0.022
0.062
0.031
0.012
0.015
0.009
0.002
0.006
0.039
0.018
0.043
0.041
0.057
0.008
0.232
0.02
0.02
0.006
0.107
0.008
0.02
0.009
0.0
0.018
0.012
0.082
0.002
0.022
0.011
0.042
0.021
0.013
0.048
0.084
0.075
0.112
0.163
0.156
0.126
0.005
0.011
0.017
0.028
0.012
0.085
0.0
0.016
0.03
0.0
0.034
0.031
0.022
0.022
0.005
0.01
0.004
0.049
0.025
0.014
0.077
0.016
0.025
0.035
0.048
0.019
0.031
0.001
0.013
0.01
0.022
0.062
0.031
0.012
0.009
0.002
0.006
0.039
0.018
0.043
0.041
0.057
0.008
0.232
0.02
0.02
0.006
0.008
0.02
0.009
0.018
0.012
0.082
0.002
0.022
0.021
0.013
0.048
0.024
0.002
0.011
0.011
0.002
0.011
0.016
0.024
0.099
0.004
0.008
0.006
0.006
0.041
0.042
0.017
0.018
0.106
0.001
0.007
0.013
0.017
0.011
0.006
0.052
0.014
0.025
0.001
0.005
0.02
0.02
0.08
0.039
0.008
0.091
0.062
0.008
0.002
0.069
0.004
0.04
0.011
0.003
0.021
0.04
0.067
0.078
0.002
0.004
0.025
0.007
0.002
0.015
0.01
0.172
0.017
0.013
0.051
0.074
0.098
0.089
0.292
0.182
0.152
0.011
0.028
0.0
0.008
0.009
0.088
0.027
0.0
0.009
0.042
0.018
0.02
0.087
0.02
0.009
0.0
0.026
0.013
0.015
0.005
0.002
0.06
0.051
0.077
0.004
0.01
0.01
0.006
0.005
0.03
0.033
0.028
0.023
0.003
0.058
0.099
0.027
0.021
0.076
0.021
0.095
0.026
0.011
0.042
0.048
0.009
0.017
0.031
0.045
0.267
0.039
0.026
0.02
0.031
0.007
0.058
0.024
0.079
0.022
0.013
0.029
0.017
0.043
0.109
0.083
0.12
0.096
1.045
0.069
0.032
0.042
0.019
0.06
0.009
0.011
0.001
0.005
0.027
0.016
0.055
0.005
0.001
0.008
0.006
0.0
0.018
0.004
0.001
0.016
0.023
0.006
0.007
0.008
0.0
0.002
0.029
0.046
0.018
0.006
0.003
0.006
0.03
0.007
0.005
0.019
0.001
0.03
0.041
0.014
0.001
0.016
0.003
0.016
0.111
0.016
0.003
0.003
0.031
0.033
0.111
0.012
0.021
0.053
0.028
0.041
0.002
0.024
0.131
0.008
0.017
0.058
0.022
0.003
0.073
0.017
0.007
0.012
0.007
0.046
0.051
0.006
0.005
0.012
0.007
0.011
0.01
0.001
0.0
0.004
0.047
0.061
0.01
0.03
0.013
0.006
0.001
0.011
0.003
0.024
0.008
0.004
0.032
0.041
0.019
0.018
0.021
0.049
0.013
0.003
0.044
0.045
0.016
0.022
0.023
0.014
0.007
0.005
0.0
0.028
0.0
0.029
0.009
0.001
0.01
0.016
0.031
0.104
0.011
0.046
0.001
0.006
0.026
0.004
0.029
0.019
0.067
0.01
0.089
0.012
0.009
0.007
0.066
0.001
0.045
0.074
0.05
0.0
0.017
0.043
0.645
0.278
0.24
0.024
