0.001
0.013
0.01
0.022
0.062
0.031
0.012
0.015
0.009
0.002
0.006
0.039
0.018
0.043
0.041
0.057
0.008
0.232
0.02
0.02
0.006
0.107
0.008
0.02
0.009
0.0
0.018
0.012
0.082
0.002
0.022
0.011
0.042
0.021
0.013
0.048
0.084
0.075
0.112
0.163
0.156
0.126
0.005
0.011
0.017
0.028
0.012
0.085
0.0
0.016
0.03
0.0
0.034
0.031
0.022
0.022
0.005
0.01
0.004
0.049
0.025
0.014
0.077
0.016
0.025
0.035
0.048
0.019
0.031
0.001
0.013
0.01
0.022
0.062
0.031
0.012
0.009
0.002
0.006
0.039
0.018
0.043
0.041
0.057
0.008
0.232
0.02
0.02
0.006
0.008
0.02
0.009
0.018
0.012
0.082
0.002
0.022
0.021
0.013
0.048
